000861000009000000040057300000000080700000096358000704060170000000000000090304007
000601040004230890000009706108000900002000100406300208200100000000906003800000000
007003200601070004030800001000500000200000400000030000340120700000306000006005020
300000005015000020940000000000510000189046000050090200030000400000000016002069000
000075000050000006006900007000000050024000071000206309090000000640009102032150000
004008001020000600009100000050080000000540960007069008001057000800000200600200000
800007050600004080090060040000075000900000010040908005000300000509000064008000790
000000004000090008630000090000600000020043007906710000040000800087001036000300001
004080000008000379000000006000700260060800000090020400000659700040002903020000050
008005000000069001000034850000080000000010400000007060106500340085003007370000900
003000070020930560600000000206095003030000008050000700000560037000020685000040090
005000006300002785800007092000709000000000300090065000006050008000900000180200003
000730004000008300005400000004800020000006005020003009000904000070000400500260080
000600008020000309041000000089070001300100700070260090200003970000000680407000000
603000080000034000000000002900000001070063400006002000009000608008300000000240700
100008050204070000068304000000000300402000807010800260006000040070600000000000080
760010000009056080000000500000800100000260000056003007200600000001009000000031820
560000031040060090009105002000290000000000004000000560000009020000603400001500073
003070008700309600000000000000740080000060500000083940200005004009038000040200090
000540000040030051207000800000072004000400708000600020100000600003026400000701030
070000000800004100012007053080000000603800000147005000000070301000050246200403080
250970003700004200000060004000500000905403080000008000000300040020080000060700002
040209703020087050300500060008000000000005000030002094000000600572000000800000930
009040500360005009700200010000006700400000062000000000090052070600130900020000300
032900000000000004600100805000004096000280100004501000000030000500000080109000000
100302407050100000000007080000205000000000008000009200020070304010903000009008050
009003006000062307050904200001005009090740500030000010000020000010000070600009000
017054006800700030600001000003009000960003700700600000000035000085906000000100450
000951000000020100000400037000000009910800004700100020072000900480019500100730080
020000050000000002000650847408000005092300000007008094045020000000000068800009500
501002406000000000200341800005130600000900000000068000300580100008014203000000005
200000080070049000004005000048091000500003009093500007405000000030000200001254070
000420980000003000007000030000604290080000300000209007430000070060091000002000100
000050003308009006095020800700060050800430000009002760000000030080000905020300000
000009043000056080810300000070040000901008030530000100709005000050000800100000060
000000086036001200500004000000300008020000000001080000005600890910000045400000030
003007080000005601000800030210050060580000000079000105000230000100080090007000002
760980000000700000000004000001620500070005000520047100040060097086209010000000000
010009000000500000069000078050001700100700830200603000000305002000090000836000090
010008020007032000000700049000000000000340500040007000001804007402019050080000090
003000071000400600025000000050000840007005310000020007076008005000000080001070203
000008000900304000248010000000090360000000502602103080300540000850009001001000000
003080100405000060600000903508063002390250004201000000000000600100000020000004030
000030420002086001000000508010600000050000000200008006570003080004002070300107005
005000002000000400217000005300400060504021000000700004090002050030060700002907300
908602000010075009000090000000001060080003500005060008009058700067120800000000091
000147000000030000001008070000310008000700006030090045000905000056000304070080009
291000807053007009000002000704000030900070000008030100000000043000000700080201000
009000000030500000800007000005200700010090508092000400040300002050700003007010900
000004000082000096031690000004016000000405003009200400000300000190080000000009800
710000950000830000500000020000020041400000200003090007000000408050000070090304000
000006005006805000300700900012090080000000006060210007000100208008309070000000050
080000000000000072704093081000071000000000400000020090290480600063007040000000100
000080000080900000007000060200510048600008900100020700460000000000004010005200690
008001030000304000000000126130000000000000009006000540092805010000009002043016080
004000007700000000806000349000706003000000008000000560408500000007360092900070004
008000007135080020040000001510030070000000300020800000300070049080100000074020105
045000009009000600600001000000350000900000300502760000000106003010030020200900700
046000700000800002500073960000200038000300697000006400230000056605000000090000000
000400000000030000785090000000009730000080000006000010000000500090600007004100800
050200703003001090000000000021000800000000910070800200800570020090020000000900506
000005000060907000005000080000102500042800090800700400400000009026490801090200000
600008000190503060530090700000600000000700390000000008006000000070000519005802000
000700000000620008000000001502000080300000000607401000003000500405070012020850640
000020060800006002004791000080063010000000000713000000360070000208010097009040600
100000000000400006058000302036010085000040600900000001000000023600000800841300509
048000009900000000000000560300000000091070000607038090006007001004569070000040030
000000000400710300058000000080000000307005060006300000700230005800050004000460120
030000976000000050600020000000860010802015300000900000107080600005090027000000180
000300000000018420420500017040001250100000009037000000902000000300809005005000000
400000070905000430203040690030000000700900000006003500020706000000089000500000040
063080000000000001000600000900070100580200000600000030000100905000890070007320008
300000500024009700000100439005760000000000000100000000006020005003050020040600390
030061084200009000090780002002000000600002010900006070400000000820900600016000003
730080000050002300800000000008000400070020100140000027005000090020004805900730004
400000000800010069002769008000001000048500000700428000000000802021005706000000900
005600004000050100086000095000000000901085000200300010000000049630210000020009000
107000000020000078900006000201000950670090284000000100400007502890064000000000000
000080002300700006000009180100402073730000000000001020008000040000096000000000210
004020000502006000300710006000100024910000050000030009009072000006500030200300000
625000040070030005000000009030050000590074080700800030040020000000003700300500200
020000030000410060070905000000040000035081020000503000600000008002300050040000012
000060090000904007000003064905006000002030000004705020010000000000020043200609070
370408910800000073000009208080360002000001700120000000400003000009000000000000834
000070020050000608006000007030700002004201000700085103370000500000010004081000060
000500000003004090000208000030040059206000400090700002002060003078003900040850000
180050000500009200000200400009000000010008007000600080000940076046010902000007800
900030008005400700700050000000100009000080000400300000002900130001700004080503090
000574000400000015000008060905100000060000100020900600000009000057040002040620000
306240500015036079092000000000000007040060090020071403050000000000000006000915000
001000003680000004050000009960078050000090300830004900000001006005007000700040000
057406000049150700000000000000089070070040300900003500035000160000071000400500000
000801000005070002000000000400005008007004106103200000030100807526000004000500600
000094783087000000090500000450000000008006000136080090500009070040030900000005106
302950804108006000060300050000000290080000430001008000006000500500030002000000010
928050000000706000000000020503002600007000800002579000000400907800003006000860000
002740000701006509060000100020068000900570680000000004000010000006000000000950401
002000000000000400700006900000309005900062080000450706860200509509003807000000030
003204080710003040000500000000000000090140000200007008009000000034802170005030209
000705100805300000910000060050036009070500000003009200000900038081003000000000000